1000 490000
8348
952701
886235
190167
648225
494029
121395
798781
971131
946487
872245
490863
704018
142476
492173
354915
680177
66641
677667
264215
429782
382411
98149
510130
132737
417404
985948
775279
843824
650962
270520
96095
207631
293038
817689
634025
607779
221482
457206
551137
447807
489064
973129
383299
958027
669302
934276
967519
220415
404990
110092
73849
315030
671031
274177
609412
921590
49877
516533
744377
877926
962685
332792
319549
601250
485449
904925
311005
101862
272127
947430
992161
402850
690581
885703
641176
624568
306712
944554
404704
126730
655291
225381
178451
207910
113772
238601
422505
923900
324419
442182
669552
979946
434599
647575
515355
493041
581890
396520
456155
601050
276123
817229
728335
222204
175749
416494
776186
866615
378336
780969
31720
474826
402922
268089
886267
558028
590583
649293
55572
286168
430020
121672
5586
147872
880262
159405
751908
936082
293852
777492
332887
967527
133612
534669
264246
184090
266726
298617
684179
656234
773474
252353
238144
939791
639838
959348
312381
306685
319624
33323
27632
310841
278746
460807
303179
290951
720954
861613
344411
738328
765920
851111
400481
934784
364591
714465
973795
474856
377989
613610
946842
651958
707442
906831
78560
413887
753325
980176
682372
649840
658997
227461
779741
918037
3420
733035
212138
910340
158143
702314
356468
987666
169474
523176
130034
792947
431459
466872
604517
263068
57926
346474
640674
436876
484475
458355
43666
844873
779303
946779
316994
108858
170624
370143
265266
805914
27458
852833
807347
889784
839389
673807
525040
977987
179010
128177
936416
642602
601039
292671
645956
436729
14558
764381
140673
20209
614977
757254
976280
842505
919585
898526
467294
373531
566218
332783
24365
673863
104124
120405
705082
968084
598214
976430
73252
623921
36850
742976
970058
864759
42286
40732
873538
869158
400071
847477
389754
307006
304484
619856
865955
264710
660362
77016
383770
577185
517103
407204
592089
627881
537848
507804
172711
326060
874175
736723
932919
418865
797394
999630
966353
17711
441965
133675
960855
920353
484146
685884
490199
897637
851998
364081
777164
776343
807524
15300
234582
504567
221511
88387
281591
456999
49569
186179
565317
163719
859547
84025
355796
621758
530480
700783
68214
701186
254081
882581
57891
442779
892953
553711
488704
757377
655721
899458
961349
938422
158276
504123
91787
926705
901365
657470
193915
595415
127352
804715
642486
362452
297633
73309
311824
632603
898169
956168
248517
111754
102648
625492
633058
643009
511402
270604
432651
732032
305455
248843
64305
724742
277749
244711
974272
557942
889275
620716
676263
648184
650635
633835
327773
544451
65346
26437
934318
868054
691667
632472
716464
506444
751633
493512
952286
391490
470973
933441
756634
830119
530764
576649
867313
571288
288349
139417
275966
975992
183511
231424
9345
998296
895472
160857
303767
615456
1247
710103
669512
354382
248735
844467
882886
340574
688109
965778
970842
437350
273597
810702
893810
187825
663312
527202
73457
550263
118609
753376
991120
347828
913181
164957
290026
644474
611005
420924
775471
163457
896808
43530
831820
552034
248101
231860
646593
341284
787432
337934
990342
404666
697162
731179
59357
321906
373569
702359
853366
931748
184821
234826
2874
285325
813233
114997
230685
193196
592486
810969
229501
867586
241536
68037
83917
443603
410627
498297
148677
601952
560596
188319
634756
645969
187683
667361
202486
279831
880822
302509
347655
631622
331024
98624
689470
217541
311662
451836
550960
961936
801976
62309
927828
342621
67794
655182
650820
584220
310860
119267
655343
26326
153157
323914
974112
336897
195083
662342
635484
825699
791464
520
178175
81850
55859
265296
419717
560001
167929
687481
462046
681714
317722
51962
490390
21924
769033
4074
383114
363085
168833
397408
801796
88266
629598
875351
812470
126558
795260
448838
950320
482000
256791
593402
831576
220248
844446
999449
481548
391897
757599
568231
718451
582054
649239
562945
781591
94841
790597
832002
538869
386166
47692
452392
261604
887618
489322
483410
304353
981062
872285
447289
117650
833629
628518
294004
246579
338977
488620
83088
366538
134868
686133
486468
825111
472775
422028
598506
709427
707503
991903
764910
588160
426890
777048
708798
244269
938632
603314
965937
656216
373054
455097
40756
663272
245694
160256
422355
524980
706989
488248
372455
400823
720313
134333
314354
384540
291627
906201
898298
844227
282044
552741
647036
695014
306591
911182
960829
35183
197934
626970
735994
565138
732939
123589
98207
657022
878781
848235
214325
504860
771561
245012
256745
673111
696944
344754
193384
118281
169505
968050
632520
411548
245324
133438
848082
25615
595384
599266
798054
566386
819691
598003
125658
715327
852291
326461
190241
608784
395937
952609
287003
110894
24780
498101
242115
93762
247550
334458
302186
431956
765867
780657
12779
814508
25800
63224
25277
475127
143856
132469
309638
719700
177573
693980
665346
397820
249794
797811
827495
951225
143021
92940
813585
843373
800873
237550
461650
914931
421899
774
347521
400250
836648
623473
69959
431935
214165
169553
868872
395680
366554
556186
882763
349220
855959
908259
512173
694932
400708
927461
34473
590130
294761
203229
19842
609308
158981
978186
34757
228198
440985
106541
326759
77910
883463
104617
636690
589408
218014
871013
802035
518391
43961
249993
599912
981779
496441
619074
653377
595717
974277
865265
158665
789650
657799
143233
904570
668084
921785
555946
761709
822173
389629
114055
32368
827079
153331
499405
406595
582813
242000
771461
634903
140150
873975
972523
997405
291979
130080
42713
753169
579583
350410
994426
143972
597329
681071
439025
853385
779144
534849
504413
956853
178866
978357
131174
867300
413956
683882
750645
997967
107965
114909
417846
536655
837023
346803
1904
535973
637822
178279
656346
524803
673779
372822
447030
170543
309405
663386
513323
687827
669691
573575
963303
628294
34368
276605
250297
20593
786023
897557
23783
186192
613130
836369
296853
207680
818403
897716
654388
289315
214376
167744
249120
799238
357682
300901
508122
596446
596250
860378
216589
270136
612898
710836
941094
731971
566071
514280
713070
895385
892107
334010
955302
285065
139200
855144
977087
272574
36357
751409
877699
27059
8113
316356
253003
308287
549397
321268
336337
584949
11354
78559
943159
472564
122818
14362
848722
854776
993251
94370
158803
134589
443099
107037
699552
514552
13871
593485
236526
241173
431391
770350
60541
653301
690396
43271
64826
804632
409646
428731
485447
714243
816331
760975
515147
188130
21268
755349
326831
395179
448604
630012
379895
280932
875011
674669
51091
635706
472570
675849
162414
462952
716596
159629
898875
824240
875050
755046
770688
336768
521571
265735
810839
830215
708612
316175
402748
948846
257006
926357
545075
279289
602993
804095
846243
913518
575135
330607
7535
79872
699592
468967
787846
363054
408081
127575
332289
502306
851689
354013
870099
959884
222713