1000 490000
352465
352464
352463
352462
352461
352460
352459
352458
352457
352456
352455
352454
352453
352452
352451
352450
352449
352448
352447
352446
352445
352444
352443
352442
352441
352440
352439
352438
352437
352436
352435
352434
352433
352432
352431
352430
352429
352428
352427
352426
352425
352424
457285
352422
352421
352420
352419
352418
352417
352416
352415
352414
352413
352412
352411
352410
352409
352408
352407
352406
352405
352404
352403
352402
352401
352400
352399
352398
352397
352396
352395
352394
567953
352392
352391
352390
352389
352388
352387
352386
352385
352384
352383
352382
352381
716537
719316
352378
352377
352376
352375
352374
352373
352372
352371
352370
352369
352368
352367
352366
352365
699012
352363
428521
352361
352360
352359
352358
352357
352356
352355
352354
352353
352352
352351
352350
352349
352348
352347
352346
352345
352344
352343
352342
352341
352340
352339
352338
352337
352336
352335
352334
352333
352332
352331
352330
352329
352328
352327
691910
352325
352324
352323
595530
352321
352320
352319
661976
352317
352316
352315
352314
352313
352312
352311
352310
352309
352308
352307
352306
762158
352304
352303
352302
352301
352300
352299
352298
352297
352296
352295
352294
352293
352292
352291
352290
352289
352288
352287
352286
352285
592682
352283
352282
352281
352280
352279
352278
352277
352276
352275
352274
352273
626257
352271
352270
352269
352268
352267
519264
352265
352264
352263
352262
352261
352260
352259
352258
352257
352256
352255
352254
352253
352252
352251
352250
352249
352248
352247
352246
352245
352244
352243
352242
352241
352240
352239
352238
352237
352236
352235
352234
352233
352232
352231
352230
352229
352228
352227
352226
352225
352224
352223
352222
352221
352220
352219
352218
352217
352216
352215
352214
352213
352212
352211
352210
352209
352208
729233
671231
352205
352204
352203
352202
352201
688271
352199
352198
352197
352196
352195
352194
352193
352192
352191
352190
352189
352188
352187
352186
352185
352184
352183
352182
352181
352180
352179
352178
352177
352176
352175
352174
352173
352172
352171
352170
352169
352168
352167
352166
352165
352164
352163
352162
352161
352160
352159
651794
352157
352156
352155
659827
352153
352152
352151
352150
352149
352148
352147
352146
352145
352144
352143
352142
352141
352140
352139
352138
352137
352136
352135
352134
352133
352132
352131
352130
352129
352128
352127
352126
352125
352124
352123
352122
757661
352120
352119
352118
352117
352116
352115
352114
352113
352112
352111
352110
352109
352108
571448
352106
352105
352104
352103
352102
352101
352100
352099
352098
352097
352096
352095
501187
352093
352092
352091
352090
352089
352088
352087
352086
352085
352084
352083
352082
352081
352080
352079
352078
352077
672163
352075
352074
352073
352072
352071
352070
352069
466279
352067
352066
352065
352064
352063
352062
352061
472515
352059
352058
352057
352056
752694
750473
352053
352052
352051
352050
352049
352048
352047
352046
352045
352044
352043
352042
352041
352040
352039
352038
352037
352036
352035
352034
352033
352032
352031
352030
352029
352028
352027
352026
352025
352024
635224
352022
352021
352020
352019
352018
352017
352016
352015
352014
352013
352012
352011
439994
352009
704574
352007
352006
352005
352004
352003
352002
352001
352000
351999
465657
351997
700881
351995
351994
351993
351992
351991
351990
351989
351988
351987
351986
351985
351984
351983
351982
351981
351980
351979
351978
351977
351976
351975
351974
351973
351972
351971
351970
351969
351968
351967
351966
351965
351964
351963
351962
351961
351960
351959
351958
351957
351956
351955
351954
351953
351952
351951
351950
351949
351948
351947
351946
351945
351944
351943
351942
351941
351940
351939
351938
351937
351936
351935
351934
351933
351932
351931
351930
351929
536400
351927
351926
351925
351924
733700
796592
351921
351920
351919
351918
351917
351916
351915
351914
351913
351912
351911
351910
471905
351908
351907
351906
351905
351904
351903
351902
351901
351900
351899
351898
351897
351896
351895
351894
415963
351892
351891
413330
351889
351888
351887
351886
351885
351884
351883
351882
351881
351880
351879
351878
351877
351876
351875
351874
351873
351872
351871
351870
351869
351868
351867
799356
351865
351864
351863
351862
351861
351860
351859
351858
351857
351856
533568
351854
472956
351852
351851
351850
351849
351848
351847
351846
351845
351844
351843
351842
351841
351840
351839
351838
577100
351836
351835
351834
351833
351832
351831
351830
351829
351828
351827
351826
351825
351824
351823
351822
629392
351820
467295
351818
351817
351816
351815
351814
351813
351812
351811
351810
351809
351808
351807
351806
351805
351804
351803
351802
351801
351800
351799
351798
351797
351796
351795
351794
351793
686408
351791
470055
351789
351788
351787
351786
351785
351784
460658
687404
351781
351780
351779
351778
351777
351776
351775
351774
351773
351772
351771
351770
351769
351768
351767
351766
351765
351764
351763
351762
351761
351760
351759
351758
351757
351756
351755
351754
351753
351752
351751
351750
351749
351748
351747
351746
351745
351744
351743
351742
351741
351740
351739
351738
351737
351736
351735
754600
351733
351732
351731
351730
351729
351728
351727
351726
772616
351724
351723
351722
351721
351720
351719
351718
351717
351716
351715
351714
351713
351712
351711
351710
351709
351708
351707
351706
351705
351704
351703
351702
351701
648093
351699
351698
351697
351696
351695
351694
351693
351692
351691
351690
351689
351688
351687
351686
351685
351684
351683
351682
351681
351680
351679
351678
351677
351676
351675
351674
351673
351672
351671
429556
351669
351668
351667
351666
351665
351664
351663
351662
351661
351660
351659
351658
351657
351656
351655
351654
351653
351652
351651
351650
351649
351648
351647
351646
351645
351644
351643
351642
351641
351640
351639
351638
351637
351636
351635
351634
351633
351632
351631
351630
351629
786715
351627
351626
351625
351624
351623
351622
351621
351620
351619
351618
351617
351616
351615
351614
351613
351612
351611
351610
351609
351608
351607
351606
351605
351604
351603
351602
351601
351600
351599
351598
351597
351596
730329
437545
351593
351592
351591
351590
351589
351588
351587
351586
351585
351584
351583
351582
351581
351580
351579
351578
351577
351576
351575
351574
351573
351572
736009
351570
351569
351568
351567
351566
351565
351564
351563
351562
351561
351560
351559
351558
351557
351556
351555
351554
590923
351552
351551
351550
351549
351548
351547
351546
351545
351544
351543
351542
351541
351540
351539
656528
351537
351536
351535
351534
351533
351532
351531
351530
351529
351528
351527
351526
351525
351524
351523
351522
351521
351520
351519
351518
503864
351516
351515
351514
351513
351512
351511
351510
351509
351508
351507
351506
351505
351504
351503
351502
351501
351500
351499
351498
351497
351496
351495
351494
351493
351492
351491
351490
351489
479838
351487
351486
351485
351484
351483
351482
351481
351480
351479
351478
351477
351476
351475
351474
351473
351472
351471
351470
351469
351468
351467
351466