1000 490000
352465
352464
352463
352462
352461
352460
352459
352458
352457
352456
352455
352454
352453
352452
352451
352450
352449
352448
352447
352446
352445
352444
352443
773541
352441
662833
352439
352438
352437
352436
352435
352434
352433
352432
352431
352430
352429
352428
425535
352426
352425
352424
352423
352422
352421
352420
352419
352418
352417
352416
352415
417848
352413
680682
352411
352410
352409
352408
352407
352406
352405
352404
352403
352402
762584
352400
352399
352398
352397
352396
352395
352394
352393
352392
352391
352390
352389
352388
352387
352386
352385
352384
352383
352382
352381
544810
412703
352378
352377
352376
352375
352374
722763
352372
352371
352370
352369
352368
352367
352366
352365
352364
352363
352362
666401
352360
352359
352358
352357
352356
352355
352354
352353
352352
352351
418386
352349
778565
486130
352346
352345
352344
352343
352342
352341
352340
352339
352338
352337
352336
352335
352334
352333
352332
352331
352330
616348
669635
352327
352326
352325
352324
352323
352322
352321
352320
352319
352318
352317
352316
352315
352314
352313
352312
352311
352310
352309
352308
521164
352306
352305
352304
352303
352302
665140
352300
505560
352298
352297
352296
352295
352294
352293
352292
352291
352290
352289
352288
352287
352286
352285
352284
352283
352282
352281
352280
352279
764388
352277
413180
352275
352274
352273
352272
352271
352270
352269
352268
352267
352266
570920
352264
352263
352262
352261
352260
352259
352258
352257
352256
352255
507704
526633
352252
352251
352250
352249
352248
352247
352246
352245
352244
352243
352242
352241
352240
352239
352238
352237
352236
352235
352234
352233
352232
430262
352230
352229
352228
352227
352226
352225
352224
707244
352222
352221
352220
352219
352218
352217
352216
352215
352214
352213
352212
352211
352210
352209
352208
352207
352206
352205
352204
352203
352202
352201
352200
352199
352198
670785
352196
797375
352194
352193
352192
352191
352190
352189
352188
352187
747923
352185
618387
352183
352182
352181
352180
352179
776254
352177
352176
352175
352174
352173
352172
352171
352170
632088
352168
352167
352166
352165
352164
352163
352162
352161
352160
352159
352158
352157
352156
352155
352154
352153
352152
352151
352150
352149
352148
352147
352146
352145
352144
352143
352142
352141
352140
352139
352138
352137
352136
352135
352134
352133
352132
352131
352130
352129
352128
352127
352126
352125
352124
352123
352122
352121
352120
352119
352118
352117
352116
352115
352114
352113
352112
352111
352110
352109
352108
352107
352106
352105
352104
352103
352102
352101
352100
352099
352098
745656
352096
352095
352094
352093
352092
442762
352090
352089
352088
352087
352086
352085
352084
352083
352082
352081
352080
352079
352078
352077
352076
352075
352074
352073
352072
352071
352070
352069
352068
352067
352066
352065
597565
352063
640327
352061
352060
352059
352058
352057
352056
653616
352054
352053
352052
352051
352050
352049
352048
352047
352046
352045
352044
352043
352042
352041
352040
352039
352038
352037
352036
352035
684653
352033
352032
352031
352030
352029
352028
352027
352026
352025
352024
352023
576208
352021
352020
352019
352018
352017
432832
352015
352014
352013
352012
352011
352010
352009
352008
352007
352006
352005
352004
565405
352002
352001
352000
351999
351998
459490
556675
351995
351994
351993
351992
779600
351990
351989
351988
351987
351986
351985
351984
351983
754278
351981
351980
351979
696904
351977
351976
351975
351974
351973
351972
351971
351970
351969
351968
351967
674720
351965
654321
351963
351962
351961
351960
351959
351958
351957
351956
351955
351954
351953
351952
351951
351950
351949
351948
351947
351946
351945
351944
351943
351942
563240
351940
351939
548367
351937
351936
552119
426850
351933
351932
351931
351930
351929
351928
351927
351926
660369
351924
351923
351922
351921
351920
351919
351918
552877
351916
426524
351914
351913
351912
351911
351910
351909
351908
351907
351906
791441
351904
351903
351902
351901
351900
351899
351898
351897
351896
351895
351894
351893
351892
351891
351890
351889
351888
351887
351886
351885
351884
639794
351882
351881
351880
351879
351878
351877
351876
351875
351874
351873
351872
351871
351870
351869
351868
351867
351866
639228
351864
575674
351862
351861
351860
351859
351858
351857
351856
351855
351854
351853
351852
351851
351850
351849
663989
665914
351846
351845
767130
351843
351842
351841
351840
351839
351838
351837
351836
351835
351834
351833
424527
351831
351830
638880
351828
710758
351826
351825
351824
351823
351822
351821
351820
351819
351818
351817
351816
351815
351814
351813
351812
351811
351810
351809
351808
351807
351806
351805
351804
351803
351802
768520
351800
351799
351798
351797
351796
351795
351794
351793
351792
351791
351790
351789
351788
647495
351786
351785
351784
351783
351782
351781
351780
351779
351778
351777
351776
351775
351774
351773
351772
351771
351770
351769
351768
351767
351766
351765
351764
351763
351762
351761
351760
351759
351758
351757
351756
351755
351754
351753
351752
351751
351750
351749
351748
351747
351746
351745
351744
351743
351742
410662
351740
351739
351738
351737
351736
351735
351734
351733
351732
682174
351730
351729
351728
351727
351726
351725
351724
351723
351722
351721
351720
427991
351718
351717
351716
351715
351714
351713
351712
351711
351710
351709
351708
351707
351706
561752
351704
351703
351702
351701
351700
351699
351698
351697
351696
351695
351694
723044
351692
467387
351690
351689
351688
351687
351686
351685
351684
351683
640910
476692
351680
351679
351678
351677
351676
351675
351674
799504
351672
351671
351670
420533
351668
351667
351666
351665
351664
351663
351662
351661
351660
531449
351658
351657
351656
351655
351654
588019
351652
351651
417007
351649
351648
351647
351646
351645
351644
351643
351642
351641
351640
351639
351638
351637
351636
351635
351634
351633
351632
351631
351630
351629
351628
351627
351626
351625
351624
351623
351622
632393
351620
351619
351618
351617
351616
351615
351614
351613
351612
351611
508217
351609
351608
351607
351606
351605
351604
491793
454220
351601
351600
351599
351598
351597
351596
351595
351594
351593
351592
351591
351590
351589
351588
351587
351586
351585
351584
351583
351582
351581
351580
351579
351578
351577
351576
351575
351574
351573
351572
351571
351570
351569
351568
351567
351566
351565
351564
351563
351562
351561
432913
351559
351558
351557
351556
351555
351554
604760
351552
351551
351550
351549
351548
351547
351546
351545
351544
690529
351542
351541
351540
351539
351538
351537
524915
351535
351534
351533
637247
351531
351530
351529
351528
351527
351526
351525
351524
351523
351522
351521
351520
351519
351518
351517
351516
351515
351514
351513
351512
351511
685728
351509
410643
351507
351506
351505
351504
351503
351502
351501
351500
351499
351498
351497
351496
351495
351494
351493
351492
351491
351490
351489
489404
351487
351486
351485
351484
351483
351482
351481
351480
351479
351478
351477
351476
351475
351474
606052
351472
351471
351470
351469
351468
351467
351466