2000 2000000
470971
470971
470971
470971
480047
470971
470971
470971
480047
470971
470971
223870
480047
470971
480047
223870
458052
133521
133521
133521
31355
133521
480047
31355
458052
850167
524570
133521
524570
524570
480047
223870
223870
850167
782894
133521
782894
480047
470971
850167
31355
850167
782894
31355
524570
223870
480047
223870
524570
850167
470971
133521
458052
850167
458052
133521
782894
524570
850167
142641
524570
458052
25035
223870
25035
470971
142641
458052
223870
223870
524570
470971
458052
470971
223870
25035
25035
524570
480047
133521
480047
25035
850167
40943
850167
669739
524570
25035
458052
142641
25035
782894
31355
470971
25035
470971
40943
470971
133521
470971
25035
25035
782894
470971
470971
133521
223870
480047
669739
142641
223870
850167
470971
458052
223870
135364
641155
135364
641155
135364
223870
40943
142641
641155
31355
480047
31355
223870
458052
40943
25035
223870
669739
133521
850167
669739
133521
410029
40943
135364
223870
524570
641155
133521
669739
458052
641155
641155
602793
142641
31355
641155
59077
641155
524570
850167
480047
470971
480047
602793
458052
25035
444322
31355
223870
40943
410029
782894
142641
223870
641155
850167
641155
211230
470971
641155
31355
458052
142641
31355
470971
142641
25035
641155
59077
135364
458052
133521
458052
25035
470971
133521
641155
444322
148471
223870
211230
40943
31355
480047
480047
480047
142641
782894
641155
602793
410029
148471
458052
997999
669739
135364
470971
458052
410029
211230
782894
142641
135364
524570
148471
142641
223870
133521
470971
850167
135364
669739
470971
59077
323317
31355
142641
410029
25035
40943
775801
782894
524570
669739
59077
669739
148471
444322
40943
782894
59077
524570
59077
850167
257997
997999
323317
850167
444322
25035
410029
410029
31355
602793
133521
775801
470971
133521
669739
410029
25035
133521
257997
135364
782894
59077
470971
211230
775801
25035
480047
782894
641155
31355
31355
458052
470971
480047
25035
997999
40943
824436
524570
824436
410029
850167
59077
480047
150523
40943
257997
775801
782894
323317
782894
602793
480047
512775
458052
150523
148471
775801
323317
669739
25035
458052
148471
22940
641155
152725
354563
524570
40943
444322
135364
850167
997999
323317
480047
997999
470971
150523
223870
223870
59077
142641
223870
997999
133521
25035
524570
480047
669739
444322
641155
524570
641155
257997
323317
133521
223870
824436
40943
135364
669739
824436
211230
480047
410029
148471
775801
410029
641155
824436
59077
470971
223870
148471
997999
850167
354563
22940
782894
25035
641155
323317
59077
152725
410029
524570
480047
59077
470971
669739
354563
669739
31355
59077
641155
148471
31355
31355
133521
148471
354563
997999
148471
470971
142641
142641
850167
524570
850167
641155
59077
148471
31355
223870
59077
148471
142641
444322
31355
25035
253091
641155
354563
410029
458052
410029
669739
150523
257997
152725
480047
602793
512775
458052
410029
152725
142641
641155
354563
253091
458052
410029
354563
25035
323317
782894
31355
410029
354563
142641
997999
997999
997999
211230
480047
824436
323467
524570
997999
22940
997999
512775
323317
354563
40943
135364
323317
997999
669739
59077
25035
775801
323467
142641
257997
323467
323467
133521
150523
410029
323467
133521
775801
824436
410029
524570
985940
323467
40943
133521
31355
148471
458052
354563
323317
408326
223870
150523
944608
150523
323467
59077
150523
133521
135364
135364
142641
997999
135364
602793
40943
775801
31355
152725
354563
944608
782894
997999
524570
152725
148471
211230
944608
31355
602793
59077
669739
148471
775801
211230
25035
444322
641155
641155
470971
22940
31355
142641
512775
444322
150523
480047
211230
142641
782894
135364
323317
253091
408326
354563
775801
59077
669739
997999
470971
152725
223870
669739
512775
458052
25035
470971
147718
223870
40943
142641
669739
253091
257997
458052
641155
223870
480047
944608
470971
944608
944608
31355
985940
850167
824436
135364
458052
22940
944608
985940
410029
641155
850167
602793
408326
782894
410029
253091
40943
150523
444322
775801
211230
31355
133521
669739
775801
850167
824436
223870
458052
470971
524570
410029
850167
323467
22940
150523
470971
458052
997999
410029
444322
512775
142641
641155
641155
257997
775801
824436
669739
133521
150523
25035
824436
253091
470971
150523
410029
824436
22940
408326
133521
944608
40943
150523
782894
223870
641155
782894
31355
147718
257997
480047
458052
40943
602793
985940
147718
59077
148471
150523
997999
824436
147718
257997
444322
641155
135364
40943
223870
458052
524570
323317
59077
211230
25035
824436
557397
824436
152725
669739
257997
997999
148471
410029
444322
669739
253091
323317
470971
152725
142641
142641
142641
323467
557397
997999
458052
480047
458052
150523
323317
985940
641155
253091
31355
133521
512775
257997
152725
850167
824436
133521
512775
850167
211230
408326
524570
40943
524570
147718
152725
31355
408326
512775
557397
323317
889049
211230
253091
59077
824436
22940
22940
408326
253091
150523
323317
410029
775801
775801
408326
602793
152725
410029
133521
444322
135364
944608
470971
524570
641155
557397
148471
323317
557397
211230
994798
775801
323467
444322
782894
410029
775801
152725
512775
985940
150523
410029
223870
458052
985940
470971
641155
148471
444322
253091
211230
458052
669739
641155
470971
211230
211230
133521
31355
775801
211230
602793
31355
669739
408326
641155
152725
211230
133521
59077
40943
354563
408326
410029
147718
150523
444322
142641
782894
147718
480047
152725
994798
410029
458052
480047
147718
257997
524570
470971
850167
150523
444322
641155
470971
641155
22940
152725
985940
408326
850167
31355
775801
480047
775801
148471
22940
470971
152725
147718
147718
323467
150523
147718
850167
152725
557397
480047
641155
31355
133521
997999
323467
323317
944608
408326
147718
257997
257997
354563
59077
323467
147718
480047
408326
148471
323317
997999
148471
669739
444322
59077
133521
458052
669739
669739
944608
40943
641155
782894
602793
148471
152725
142641
480047
824436
133521
722352
850167
997999
22940
31355
31355
512775
985940
512775
512775
59077
944608
480047
256691
410029
985940
211230
985940
944608
142641
31355
850167
25035
253091
135364
444322
602793
147718
147718
40943
323317
59077
253091
323467
152725
775801
602793
135364
641155
150523
135364
40943
148471
410029
142641
944608
722352
22940
59077
323467
152725
641155
253091
253091
557397
480047
850167
40943
152725
944608
323317
470971
480047
223870
985940
323317
444322
256691
147718
323467
824436
850167
470971
223870
135364
480047
152725
40943
152725
994798
944608
524570
25035
775801
253091
31355
602793
152725
782894
458052
997999
323317
458052
410029
59077
22940
557397
944608
512775
323317
602793
142641
22940
602793
458052
408326
444322
323467
223870
994798
148471
152725
994798
253091
25035
512775
22940
150523
135364
22940
997999
512775
913136
824436
150523
997999
410029
354563
150523
480047
850167
253091
22940
40943
444322
850167
782894
944608
354563
669739
150523
850167
323467
944608
889049
323317
524570
150523
944608
824436
997999
152725
211230
135364
354563
480047
25035
997999
323467
135364
323317
889049
470971
524570
824436
994798
985940
985940
354563
148471
223870
323467
150523
25035
257997
148471
142641
524570
223870
470971
142641
180653
850167
25035
150523
133521
889049
850167
994798
253091
524570
480047
150523
444322
323317
150523
135364
323317
135364
889049
257997
257997
22940
410029
31355
31355
775801
997999
512775
602793
323317
480047
994798
944608
211230
512775
722352
211230
408326
408326
31355
458052
913136
253091
997999
512775
135364
408326
133521
985940
944608
22940
211230
444322
31355
257997
253091
147718
782894
135364
641155
557397
997999
142641
22940
223870
180653
354563
997999
323467
150523
150523
944608
257997
148471
444322
135364
985940
782894
59077
22940
31355
524570
25035
775801
211230
408326
142641
25035
913136
152725
824436
913136
135364
256691
824436
410029
994798
25035
557397
512775
180653
444322
257997
323317
889049
180653
944608
985940
135364
641155
257997
444322
997999
408326
458052
256691
354563
135364
135364
944608
133521
470971
323467
257997
256691
669739
722352
180653
152725
994798
323467
512775
669739
40943
669739
135364
602793
142641
782894
147718
253091
323467
142641
641155
22940
148471
59077
641155
722352
253091
40943
614603
722352
722352
256691
180653
444322
889049
22940
994798
557397
410029
148471
641155
458052
994798
135364
256691
602793
444322
524570
722352
889049
135364
913136
31355
512775
148471
327129
669739
211230
59077
135364
722352
223870
458052
257997
850167
889049
458052
223870
669739
180653
323317
845906
257997
410029
722352
323317
223870
824436
669739
944608
31355
775801
669739
327129
889049
997999
410029
354563
913136
947219
148471
782894
142641
410029
994798
470971
985940
722352
142641
147718
25035
641155
133521
323467
150523
470971
722352
782894
223870
40943
323467
669739
845906
327129
59077
410029
410029
824436
31355
994798
557397
354563
458052
223870
480047
947219
223870
944608
614603
59077
512775
31355
253091
323467
889049
782894
323467
408326
323317
994798
327129
31355
223870
180653
524570
824436
142641
323317
480047
211230
444322
889049
31355
997999
722352
669739
824436
324582
22940
845906
133521
602793
135364
775801
327129
997999
142641
253091
889049
557397
444322
947219
947219
722352
850167
944366
324582
512775
845906
947219
524570
135364
323317
59077
824436
669739
323467
722352
324582
947219
223870
944608
850167
997999
850167
722352
985940
323317
180653
985940
257997
180653
148471
180653
913136
31355
775801
994798
323467
614603
25035
641155
253091
850167
253091
31355
180653
557397
327129
641155
985940
997999
944366
135364
913136
133521
223870
824436
470971
211230
524570
824436
40943
480047
913136
223870
524570
994798
602793
135364
850167
150523
512775
557397
850167
524570
913136
944366
614603
147718
669739
470971
323467
944608
135364
775801
641155
256691
323317
994798
142641
354563
889049
845906
31355
458052
324582
669739
180653
135364
150523
944366
135364
512775
25035
614603
944608
480047
913136
223870
889049
22940
22940
614603
135364
410029
602793
480047
354563
994798
722352
641155
180653
223870
142641
324582
31355
850167
944608
323317
327129
944608
845906
323467
40943
31355
150523
148471
850167
913136
775801
444322
148471
470971
40943
524570
722352
223870
782894
148471
256691
323317
408326
524570
257997
180653
152725
354563
775801
135364
150523
913136
324582
997999
257997
408326
150523
257997
458052
524570
410029
150523
824436
944608
470971
557397
602793
256691
994798
257997
944608
458052
997999
444322
944608
327129
25035
135364
944366
524570
512775
824436
157690
256691
25035
211230
323467
40943
603777
256691
524570
152725
614603
782894
31355
470971
997999
59077
524570
997999
22940
133521
722352
444322
410029
157690
641155
614603
147718
135364
135364
354563
324582
324582
133521
180653
257997
604946
512775
22940
603777
147718
782894
669739
845906
25035
257997
524570
323467
824436
211230
152725
669739
147718
947219
22940
150523
354563
722352
524570
898537
408326
557397
354563
135364
944608
323317
641155
256691
444322
256691
824436
147718
257997
40943
180653
410029
602793
850167
614603
135364
889049
480047
135364
327129
22940
994798
147718
524570
180653
889049
470971
25035
148471
59077
775801
913136
150523
824436
152725
327129
40943
571663
180653
845906
253091
985940
458052
845906
410029
223870
408326
947219
722352
557397
211230
480047
614603
604946
722352
470971
889049
850167
512775
997999
354563
824436
524570
944366
604946
944608
59077
913136
603777
133521
59077
150523
889049
148471
470971
557397
850167
408326
22940
947219
459303
722352
994798
354563
408326
324582
459303
59077
354563
31355
994798
571663
994798
470971
180653
150523
458052
889049
215587
327129
898537
135364
614603
327129
157690
602793
722352
323467
994798
985940
157690
152725
947219
142641
354563
257997
135364
180653
152725
40943
257997
31355
997999
669739
366421
444322
25035
669739
147718
991944
147718
557397
614603
571663
133521
157690
985940
327129
512775
459303
495256
223870
947219
614603
913136
850167
641155
782894
410029
997999
557397
991944
602793
850167
641155
602793
323317
31355
135364
458052
913136
991944
257997
495256
60913
997999
850167
898537
354563
933077
135364
850167
557397
135364
323317
985940
59077
571663
512775
889049
40943
31355
215587
408326
133521
459303
641155
495256
59077
323317
157690
604946
933077
215587
524570
470971
40943
889049
824436
933077
253091
147718
133521
31355
944366
257997
889049
458052
410029
223870
913136
257997
782894
985940
991944
25035
824436
142641
133521
913136
152725
604946
152725
512775
327129
557397
824436
215587
669739
324582
571663
256691
323317
215587
947219
782894
410029
148471
25035
22940
997999
157690
604946
512775
148471
947219
557397
327129
459303
256691
323317
211230
354563
604946
947219
40943
257997
524570
133521
408326
215587
366421
135364
135364
324582
60913
211230
480047
410029
152725
512775
147718
641155
410029
470971
408326
123112
192679
257997
192679
985940
59077
557397
152725
152725
408326
603777
985940
603777
142641
824436
641155
933077
223870
150523
148471
323467
257997
602793
118530
898537
60913
31355
118530
133521
933077
157690
256691
557397
602793
366421
641155
669739
60913
31355
991944
444322
669739
557397
889049
722352
603777
470971
25035
148471
641155
22940
157690
148471
22940
944366
524570
775801
571663
133521
512775
947219
571663
470971
602793
223870
991944
354563
641155
157690
985940
133521
470971
614603
994798
994798
444322
257997
557397
150523
327129
944366
571663
512775
458052
641155
25035
40943
557397
118530
135364
123112
614603
480047
933077
60913
480047
898537
824436
135364
557397
991944
410029
889049
147718
571663
142641
604946
135364
845906
669739
215587
152725
470971
59077
323467
410029
150523
256691
157690
257997
571663
327129
470971
898537