2000 2000000
422677
708406
679856
162329
708406
422677
112701
679856
422677
708406
422677
298559
298559
112701
708406
708406
708406
679856
298559
162329
112701
679856
422677
708406
449262
449262
449262
298559
449262
91240
162329
162329
298559
112701
162329
422677
422677
679856
422677
443843
679856
162329
679856
162329
679856
162329
443843
679856
112701
422677
91240
162329
708406
708406
91240
651612
708406
708406
112701
422677
449262
708406
377408
679856
162329
479650
91240
91240
708406
449262
377408
162329
443843
443843
422677
112701
554218
112701
91240
479650
91240
449262
708406
112701
679856
298559
112701
91240
651612
449262
91240
298559
112701
554218
554218
443843
443843
651612
708406
422677
449262
935821
91240
91240
422677
422677
935821
708406
377408
121346
298559
679856
443843
479650
121346
679856
679856
298559
651612
449262
554218
708406
554218
449262
554218
679856
91240
413999
679856
112701
298559
112701
377408
377408
449262
377408
422677
443843
651612
162329
199131
91240
162329
479650
443843
121346
449262
708406
679856
199131
554218
121346
479650
121346
651612
679856
632034
422677
443843
679856
199131
935821
651612
479650
422677
708406
112701
199131
121346
679856
162329
112701
554218
554218
91240
632034
422677
298559
377408
298559
554218
479650
112701
199131
935821
91240
298559
679856
91240
121346
708406
708406
443843
479650
554218
443843
651612
199131
162329
112701
413999
162329
298559
449262
413999
651612
708406
554218
121346
554218
413999
298559
708406
422677
679856
479650
112701
91240
377408
479650
466270
935821
422677
377408
935821
298559
91240
377408
651612
413999
162329
443843
449262
708406
162329
121346
121346
121346
679856
708406
679856
679856
479650
112701
199131
479650
449262
679856
162329
112701
554218
935821
466270
298559
199131
479650
679856
162329
935821
162329
466270
632034
479650
298559
377408
449262
627244
708406
695225
112701
443843
554218
413999
695225
479650
162329
121346
443843
651612
632034
443843
413999
466270
121346
91240
112701
298559
554218
413999
554218
651612
679856
946596
443843
708406
479650
449262
466270
554218
935821
466270
413999
199131
162329
121346
651612
935821
935821
449262
651612
413999
449262
749060
708406
162329
695225
466270
695225
121346
413999
554218
298559
162329
627244
162329
554218
377408
377408
749060
413999
377408
199131
422677
449262
466270
632034
443843
479650
422677
377408
91240
479650
413999
695225
554218
479650
199131
449262
91240
749060
121346
554218
162329
651612
627982
946596
935821
679856
695225
162329
946596
162329
199131
749060
632034
749060
422677
443843
112701
422677
199131
91240
112701
479650
413999
708406
112701
91240
479650
749060
935821
749060
298559
443843
199131
121346
112701
112701
199131
422677
651612
935821
298559
162329
554218
735700
377408
627982
679856
563326
935821
466270
466270
273795
735700
273795
695225
726877
554218
199131
674073
708406
273795
735700
726877
162329
449262
679856
443843
121346
377408
674073
112701
735700
935821
377408
554218
479650
449262
674073
443843
695225
413999
443843
251734
627244
695225
627982
708406
632034
563326
162329
466270
735700
726877
563326
627982
627244
651612
413999
162329
251734
449262
651612
443843
121346
479650
632034
563326
91240
674073
935821
251734
298559
627244
479650
735700
449262
162329
563326
627982
273795
273795
443843
695225
627982
679856
377408
651612
377408
273795
377408
449262
399851
298559
627982
298559
377408
674073
422677
466270
726877
708406
627244
726877
735700
273795
563326
627982
749060
466270
749060
121346
422677
651612
273795
735700
695225
726877
708406
112701
563326
413999
726877
112701
695225
627244
651612
233455
413999
749060
651612
554218
695225
627244
627982
112701
632034
627244
298559
199131
443843
162329
735700
632034
726877
632034
708406
632034
674073
708406
946596
695225
479650
735700
298559
679856
935821
946608
162329
233455
422677
273795
449262
233455
422677
449262
251734
298559
187949
726877
91240
91240
449262
563326
298559
121346
749060
298559
273795
399851
112701
735700
121346
679856
935821
935821
298559
935821
479650
399851
946608
651612
187949
627982
948579
948579
695225
112701
162329
651612
187949
946596
935821
749060
112701
735700
422677
422677
449262
749060
632034
627244
749060
627982
708406
298559
377408
162329
946596
233455
674073
399851
632034
708406
479650
674073
413999
233455
935821
466270
946596
377408
695225
948579
554218
735700
162329
674073
735700
651612
413999
298559
443843
708406
443843
651612
627982
627244
251734
735700
399851
946596
948579
479650
679856
651612
695225
632034
298559
187949
199131
449262
627982
422677
112701
413999
112701
91240
443843
674073
187949
627982
935821
298559
112701
946596
233455
91240
695225
735700
554218
121346
651612
377408
273795
674073
695225
273795
563326
298559
627982
298559
479650
273795
946596
233455
298559
563326
162329
935821
187949
199131
199131
377408
708406
708406
554218
946608
735700
554218
695225
422677
726877
399851
479650
187949
679856
479650
627982
726877
199131
273795
935821
726877
199131
948579
749060
708406
112701
298559
233455
632034
946596
726877
443843
627982
674073
695225
399641
529344
493935
298559
422677
554218
679856
627982
466270
632034
199131
695225
413999
91240
112701
466270
493935
112701
199131
935821
228688
529344
493935
199131
41182
735700
695225
627982
529344
162329
233455
935821
735700
233455
69972
377408
946608
554218
449262
554218
199131
273795
627244
935821
493935
273795
529344
554218
679856
399641
112701
422677
399641
493935
443843
529344
187949
162329
563326
695225
946596
662158
946608
233455
377408
41182
273795
199131
112701
946608
679856
662158
187949
726877
946608
162329
199131
674073
749060
946596
695225
377408
199131
69972
708406
493935
735700
413999
735700
946596
554218
946596
946608
529344
679856
42845
554218
749060
749060
632034
563326
377408
935821
199131
187949
735700
749060
948579
112701
42845
298559
946596
121346
662158
233455
749060
554218
91240
562250
627982
662158
298559
413999
695225
233455
399641
627982
935821
162329
91240
377408
233455
749060
466270
466270
377408
449262
662158
112701
69972
708406
735700
91240
948579
695225
695225
749060
562250
281909
493935
69972
662158
413999
563326
273795
662158
399851
91240
708406
554218
674073
251734
632034
399641
449262
562250
273795
632034
898401
898401
233455
935821
413999
479650
563326
662158
529344
695225
69972
41182
162329
627244
726877
449262
449262
651612
679856
529344
42845
695225
708406
377408
251734
466270
422677
91240
563326
42845
898401
946596
627244
443843
948579
948579
695225
554218
251734
399641
479650
749060
449262
69972
695225
948579
563326
298559
749060
449262
42845
466270
273795
562250
91240
651612
662158
443843
42845
898401
251734
69972
627244
679856
679856
91240
529344
708406
898401
466270
413999
529344
627244
749060
443843
627244
651612
948579
162329
377408
69972
898401
674073
68437
493935
674073
399641
41182
228688
443843
399641
251734
91240
187949
493935
281909
627982
399641
233455
946596
726877
162329
112701
187949
377408
493935
281909
674073
726877
187949
422677
42845
273795
946608
233455
233455
674073
466270
228688
466270
42845
662158
199131
708406
726877
298559
935821
679856
662158
935821
41182
529344
199131
562250
946596
42845
946608
187949
228688
674073
466270
41182
749060
554218
41182
298559
479650
529344
41182
632034
749060
187949
479650
228688
162329
228688
554218
199131
443843
298559
251734
413999
662158
121346
479650
399851
735700
562250
233455
413999
41182
632034
749060
935821
399851
251734
948579
651612
632034
563326
726877
69972
726877
228688
399851
68437
281909
42845
121346
695225
413999
554218
399641
735700
42845
68437
749060
466270
377408
298559
187949
708406
41182
91240
233455
493935
298559
632034
68437
749060
479650
662158
121346
228688
233455
935821
529344
562250
627982
466270
233455
91240
399851
399641
233455
735700
708406
449262
479650
479650
726877
281909
251734
466270
695225
674073
91240
563326
898401
749060
688968
657134
695225
493935
726877
273795
948579
443843
688968
466270
632034
187949
162329
91240
399851
554218
651612
479650
399851
42845
298559
662158
479650
708406
935821
399851
695225
466270
42845
749060
41182
674073
449262
651612
632034
187949
228688
708406
562250
399641
946596
479650
695225
273795
695225
422677
662158
251734
479650
627982
627982
627244
121346
529344
749060
251734
627244
562250
211811
466270
735700
443843
679856
948579
68437
657134
679856
749060
662158
688968
112701
298559
708406
735700
91240
688968
377408
377408
162329
187949
273795
627982
449262
651612
674073
121346
657134
377408
726877
948579
679856
273795
199131
112701
651612
554218
708406
529344
443843
199131
946608
554218
749060
187949
377408
162329
162329
898401
121346
946608
726877
121346
112701
91240
627982
449262
946596
68437
199131
627982
251734
562250
211811
627244
688968
91240
298559
749060
562250
935821
41182
211811
273795
399641
233455
377408
554218
651612
298559
273795
662158
449262
121346
627244
121346
554218
273795
651612
91240
199131
449262
377408
651612
112701
251734
399851
529344
399641
679856
679856
657134
413999
422677
657134
735700
449262
187949
529344
413999
554218
493935
298559
466270
422677
735700
449262
554218
735700
662158
281909
662158
688968
162329
735700
708406
91240
162329
479650
42845
399851
121346
935821
627244
121346
479650
562250
695225
466270
162329
651612
399851
69972
121346
657134
69972
935821
251734
726877
493935
627244
695225
726877
69972
211811
422677
413999
298559
251734
726877
946596
443843
662158
948579
674073
251734
627244
898401
735700
493935
657134
187949
199131
493935
749060
41182
708406
399641
632034
679856
946596
377408
688968
627982
252950
946596
695225
946608
112701
273795
662158
399641
69972
121346
554218
187949
695225
187949
377408
651612
162329
91240
479650
233455
735700
529344
948579
726877
187949
529344
529344
749060
112701
42845
399851
399851
554218
273795
41182
199131
422677
674073
726877
199131
466270
41182
211811
41182
211811
529344
735700
422677
627244
479650
91240
562250
657134
42845
466270
251734
273795
679856
674073
399851
946596
948579
493935
187949
443843
735700
211811
529344
674073
708406
422677
688968
69972
563326
377408
935821
493935
377408
935821
112701
946596
946596
688968
898401
479650
662158
627982
935821
695225
726877
281909
662158
651612
251734
252950
632034
251734
688968
708406
187949
735700
251734
112701
935821
679856
42845
679856
69972
422677
199131
695225
749060
935821
199131
413999
422677
187949
121346
935821
708406
632034
187949
466270
679856
228688
199131
627244
562250
69972
657134
708406
554218
708406
298559
708406
112701
657134
112701
695225
735700
657134
199131
749060
493935
946608
121346
935821
42845
674073
273795
627244
749060
529344
228688
735700
252950
399851
695225
42845
68437
281909
562250
399641
68437
735700
554218
273795
657134
199131
749060
946596
69972
228688
627244
563326
688968
187949
228688
493935
228688
662158
112701
443843
708406
466270
443843
505429
413999
695225
946596
735700
563326
662158
946596
68437
695225
443843
443843
505429
749060
529344
657134
898401
162329
529344
112701
449262
479650
688968
162329
187949
377408
69972
562250
726877
679856
562250
466270
632034
562250
627244
695225
413999
41182
695225
443843
449262
91240
211811
493935
251734
479650
946608
708406
121346
413999
298559
422677
298559
946608
399641
632034
42845
627982
91240
657134
112701
399851
121346
422677
695225
554218
422677
399641
505429
695225
627982
493935
674073
505429
946596
529344
651612
422677
493935
162329
688968
562250
162329
946608
749060
632034
211811
562250
627244
112701
228688
627982
935821
233455
735700
187949
749060
735700
688968
422677
627982
632034
493935
399851
688968
298559
121346
112701
298559
505429
41182
233455
695225
946596
377408
42845
228688
91240
479650
298559
562250
252950
674073
162329
91240
233455
413999
399851
679856
651612
399851
273795
449262
121346
399641
422677
505429
211811
529344
399641
726877
749060
935821
688968
562250
162329
493935
443843
377408
726877
935821
946608
735700
695225
399641
479650
66474
563326
228688
695225
627244
466270
252950
449262
935821
251734
662158
686533
66474
252950
627982
946608
554218
252950
41182
187949
66474
162329
627982
686533
632034
695225
281909
68437
211811
443843
91240
946608
399851
735700
686533
69972
187949
948579
162329
749060
688968
505429
662158
233455
948579
505429
443843
68437
187949
399641
735700
233455
228688
688968
199131
562250
135167
726877
91240
686533
377408
199131
121346
662158
135167
211811
252950
466270
662158
898401
251734
695225
298559
708406
627244
493935
252950
686533
505429
946608
298559
443843
449262
948579
281909
686533
651612
726877
651612
632034
651612
627244
187949
91240
112701
199131
422677
228688
948579
662158
479650
657134
898401
199131
211811
211811
686533
726877
68437
187949
562250
529344
662158
948579
135167
251734
233455
91240
662158
735700
735700
948579
562250
42845
662158
233455
42845
662158
135167
112701
377408
651612
66474
41182
273795
399851
946608
627982
662158
91240
69972
251734
562250
273795
91240
563326
41182
749060
946608
735700
688968
662158
679856
466270
479650
562250
252950
686533
554218
657134
708406
449262
708406
228688
68437
726877
554218
449262
399641
493935
935821
627244
377408
69972
251734
708406
211811
935821
443843
273795
946596
969091
199131
651612
657134
679856
399641
969091
657134
162329
562250
562250
281909
479650
657134
413999
422677
662158
112701
946596
298559
413999
135167
686533
135167
91240
686533
251734
298559
25023
233455
298559
627244
199131
41182
946608
449262
674073
69972
91240
251734
969091
25023
162329
898401
726877
135167
273795
466270
135167
627982
493935
657134
377408
121346
281909
554218
708406
449262
233455
554218
493935
674073
627982
135167
377408
25023
66474
399851
399851
505429
708406
726877
252950
969091
413999
479650
505429
187949
946596
41182
25023
708406
251734
422677
91240
443843
935821
422677
121346
529344
935821
66474
449262
529344
69972
199131
273795