2000 2000000
755709
755709
755709
755709
7623
7623
7623
192489
149599
349005
164145
315664
315664
755709
149599
192489
755709
315664
349005
149599
349005
149599
349005
755441
315664
164145
929574
315664
149599
755709
192489
192489
7623
259283
192489
755709
349005
7623
529546
529546
755441
7623
349005
149599
929574
755709
315664
755709
755441
755441
755441
349005
7623
755709
529546
149599
755709
149599
164145
192489
755709
7623
755441
866840
929574
259283
866840
7623
866840
164145
192489
349005
929574
259283
755441
192489
529546
435961
349005
7623
755441
164145
164145
929574
529546
755441
259283
929574
315664
866840
866840
149599
164145
755441
866840
755441
853327
25123
349005
149599
259283
435961
164145
866840
866840
437908
755709
929574
192489
448617
259283
755441
259283
853327
149599
755441
192489
929574
755709
149599
755441
315664
435961
315664
391726
929574
259283
853327
149599
192489
259283
437908
164145
297085
929574
866840
25123
164145
755709
435961
929574
149599
259283
38018
934087
853327
391726
435961
164145
38018
448617
297085
149599
853327
755441
866840
7623
529546
529546
192489
853327
934087
7623
25123
755441
755441
755441
929574
391726
7623
391726
529546
755709
349005
934087
149599
391726
853327
853327
755709
929574
755441
448617
435961
297085
7623
292663
755709
38018
437908
297085
149599
866840
7623
853327
38018
929574
755709
297085
448617
315664
529546
866840
164145
866840
149599
755709
448617
297085
297085
755709
448617
755441
315664
853327
529546
192489
929574
866840
292663
391726
755709
7623
164145
297085
929574
297085
149599
929574
853327
38018
259283
7623
7623
25123
435961
349005
259283
755709
448617
292663
391726
259283
755709
391726
448617
529546
38018
297085
437908
391726
315664
437908
435961
866840
349005
437908
315664
755441
391726
934087
149599
149599
437908
292663
435961
292663
38018
292663
437908
315664
38018
259283
437908
853327
149599
192489
7623
955467
25123
437908
437908
435961
164145
164145
853327
435961
437908
391726
259283
755441
755441
755709
866840
934087
192489
755709
297085
32078
192489
292663
853327
929574
7623
349005
755441
38018
111249
755709
164145
292663
297085
297085
448617
25123
349005
164145
391726
259283
529546
111249
866840
391726
448617
292663
929574
853327
349005
297085
220903
391726
164145
32078
755709
32078
32078
529546
755441
755441
315664
220903
929574
349005
149599
292663
164145
38018
955467
7623
25123
111249
220903
437908
164145
297085
149599
38205
25123
38205
111249
448617
220903
220903
315664
38018
38205
437908
315664
220903
437908
38205
755441
38018
349005
292663
38018
349005
435961
755709
7623
349005
755441
853327
111249
192489
853327
437908
755441
188509
111249
853327
391726
297085
853327
755709
755709
38018
435961
192489
315905
149599
955467
955467
349005
188509
38205
681122
38205
7623
188509
772061
755441
681122
111249
297085
349005
292663
7623
111249
157185
220903
755441
529546
772061
38205
437908
292663
529546
437908
259283
437908
943465
755709
755441
188509
529546
192489
157185
929574
188509
955467
955467
391726
157185
772061
934087
448617
349005
192489
349005
435961
259283
220903
755709
259283
448617
157185
149599
315664
292663
32078
7623
157185
943465
929574
943465
929574
38018
681122
111249
435961
38205
435961
349005
32078
391726
111249
853327
681122
755709
391726
755441
259283
391726
437908
38018
755441
853327
772061
25123
755709
315905
437908
164145
38205
157185
349005
755709
448617
755441
111249
149599
460909
349005
315905
529546
188509
297085
297085
866840
391726
934087
315664
448617
955467
220903
259283
292663
7623
929574
866840
866840
772061
772061
297085
164145
38205
866840
448617
755709
529546
460909
32078
205757
391726
315905
772061
157185
943465
111249
297085
157185
529546
7623
164145
955467
149599
164145
149599
188509
157185
955467
192489
315664
149599
315905
38205
315905
755441
7623
205757
292663
755441
315905
38205
111249
292663
7623
38018
391726
220903
297085
435961
155275
259283
349005
955467
681122
755709
448617
111249
755709
205757
529546
755441
755709
955467
149599
772061
7623
955467
7623
772061
929574
188509
437908
111249
755709
192489
529546
772061
188509
315905
435961
157185
7623
448617
157185
929574
448617
220903
460909
157185
955467
292663
391726
32078
292663
934087
157185
955467
934087
529546
772061
315664
755709
32078
157185
437908
349005
38018
259283
157185
866840
842983
259283
437908
955467
437908
755441
755441
188509
315905
955467
32078
315905
755441
149599
934087
220903
755709
772061
25123
955467
943465
755441
297085
315905
437908
681122
157185
349005
7623
315905
448617
943465
92249
448617
38205
934087
391726
955467
772061
164145
755709
315664
188509
297085
157185
755709
7623
934087
943465
435961
842983
259283
292663
681122
92249
435961
155275
297085
866840
349005
391726
192489
315664
755709
929574
460909
292663
25123
164145
7623
38018
460909
929574
842983
7623
755709
220903
149599
529546
297085
349005
755441
188509
25123
220903
437908
188509
866840
460909
314980
157185
755709
205757
32078
38018
349005
297085
38018
435961
38205
315664
292663
755709
111249
934087
955467
157185
314980
460909
292663
32078
259283
603061
943465
603061
643899
220903
92249
866840
38205
755441
853327
149599
315905
853327
435961
643899
157185
349005
934087
164145
842983
943465
38018
934087
292663
755441
448617
315905
314980
853327
755441
188509
297085
756355
349005
842983
38018
25123
929574
157185
7623
943465
853327
842983
349005
448617
111249
755441
755709
155275
149599
315664
38205
92249
155275
220903
435961
435961
32078
755709
220903
157185
38018
92249
38205
437908
772061
192489
681122
772061
460909
157185
934087
314980
111249
448617
866840
643899
111249
149599
460909
38018
259283
929574
853327
7623
205757
220903
853327
315664
297085
157185
681122
681122
220903
435961
7623
164145
25123
157185
155275
643899
866840
349005
155275
188509
292663
349005
111249
92249
755441
315664
164145
259283
755441
866840
192489
460909
315905
929574
603061
149599
157185
220903
943465
853327
314980
205757
529546
7623
25123
314980
756355
391726
901140
853327
681122
7623
155275
929574
38205
681122
314980
603061
92249
955467
349005
929574
314980
25123
897405
155275
643899
460909
292663
155275
391726
943465
901140
7623
755709
25123
755441
315905
259283
220903
929574
448617
25123
188509
934087
19824
32078
897405
297085
866840
866840
38018
164145
772061
901140
205757
755709
460909
435961
603061
157185
929574
603061
435961
776419
448617
529546
38205
681122
460909
32078
772061
192489
192489
157185
755709
204984
681122
901140
437908
38205
529546
756355
842983
529546
349005
603061
929574
460909
943465
901140
25123
776419
157185
7623
901140
853327
282552
204984
259283
643899
448617
164145
32078
38205
38018
756355
164145
943465
315905
192489
315905
776419
204984
157185
391726
192489
866840
391726
755441
220903
204984
315664
901140
842983
388540
853327
92249
435961
448617
681122
220903
315905
603061
349005
772061
460909
204984
388540
38205
25123
192489
164145
955467
192489
192489
603061
755441
388540
460909
437908
901140
204984
388540
755709
157185
643899
853327
38018
192489
157185
388540
681122
866840
603061
460909
756355
955467
157185
603061
984695
38018
388540
772061
755441
314980
901140
297085
282552
19824
111249
391726
460909
292663
460909
204984
853327
38205
901140
32078
448617
984695
448617
349005
755709
776419
853327
529546
315664
435961
984695
164145
315664
934087
259283
314980
755441
755709
164145
349005
38018
349005
204984
7623
247338
897405
292663
282552
984695
388540
897405
38018
205757
204984
192489
755709
282552
204984
388540
315905
149599
155275
19824
681122
866840
388540
853327
149599
7623
38018
157185
776419
32078
38205
315905
7623
776419
984695
111249
901140
776419
437908
259283
149599
314980
435961
943465
460909
205757
315905
92249
25123
866840
681122
897405
247338
7623
943465
681122
149599
755709
929574
111249
679694
460909
259283
776419
681122
32078
679694
192489
388540
19824
192489
19824
349005
437908
192489
901140
315905
220903
772061
772061
897405
448617
204984
929574
149599
853327
205757
315905
435961
7623
529546
282552
155275
38018
603061
897405
955467
448617
204984
391726
755441
188509
929574
866840
901140
901140
460909
984695
25123
901140
164145
92249
314980
679694
776419
756355
866840
164145
388540
111249
315664
92249
297085
756355
842983
842983
866840
164145
460790
247338
220903
157185
349005
755441
448617
529546
755709
460909
437908
111249
391726
603061
853327
315664
460790
943465
756355
32078
92249
853327
349005
282552
984695
38018
955467
755441
934087
259283
32078
435961
164145
529546
897405
220903
297085
164145
842983
205757
755709
853327
349005
391726
460790
391726
603061
247338
984695
901140
155275
388540
7623
7623
349005
435961
934087
901140
38018
643899
460790
164145
25123
38018
437908
149599
776419
984695
111249
897405
204984
111249
192489
247338
149599
755709
772061
164145
435961
756355
282552
259283
460790
984695
529546
192489
32078
282552
315664
164145
460909
349005
529546
388540
111249
756355
853327
157185
475948
755441
7623
111249
460909
157185
943465
448617
955467
282552
475948
157185
984695
897405
19824
755709
314980
92249
772061
19824
955467
247338
247338
603061
282552
205757
776419
681122
377223
349005
164145
220903
756355
901140
681122
251536
155275
679694
164145
437908
192489
315905
314980
282552
756355
292663
38205
259283
603061
842983
901140
32078
842983
192489
38018
853327
603061
155275
297085
460790
7623
38205
247338
38205
755441
205757
435961
901140
776419
391726
448617
282552
776419
853327
314980
776419
205757
32078
853327
448617
192489
251536
603061
377223
448617
391726
529546
128809
866840
435961
643899
205757
311881
192489
157185
349005
38018
315905
205757
955467
38018
7623
32078
984695
311881
755709
643899
934087
349005
188509
603061
377223
220903
755441
259283
157185
842983
377223
205757
32078
943465
149599
772061
475948
315664
315664
192489
681122
314980
842983
460790
311881
314980
934087
460790
643899
111249
460909
7623
460909
164145
643899
943465
205757
460790
756355
755441
681122
92249
776419
475948
529546
388540
315905
259283
740855
901140
188509
32078
388540
251536
314980
149599
315905
349005
204984
611483
192489
315664
448617
157185
776419
934087
435961
529546
776419
776419
192489
111249
755441
611483
25123
251536
247338
842983
842983
460909
314980
92249
164145
776419
282552
38018
157185
435961
188509
901140
776419
772061
388540
755709
755709
205757
934087
25123
19824
755441
611483
282552
157185
929574
282552
776419
192489
842983
292663
756355
529546
755709
38018
297085
204984
164145
92249
448617
297085
315664
84024
282552
128809
205757
188509
377223
681122
821169
437908
772061
205757
297085
157185
19824
740855
297085
437908
19824
740855
38205
603061
853327
7623
603061
155275
192489
38018
437908
297085
901140
643899
247338
437908
19824
192489
155275
155275
38205
251536
679694
311881
188509
349005
32078
315664
477339
315905
821169
643899
188509
897405
740855
111249
157185
92249
311881
755441
866840
111249
842983
756355
149599
251536
282552
84024
349005
315905
776419
192489
157185
164145
842983
611483
192489
460790
527773
435961
204984
643899
38018
866840
292663
929574
437908
349005
314980
205757
529546
377223
38018
128809
589160
128809
192489
377223
943465
460909
205757
315905
32078
220903
853327
821169
603061
460790
128809
391726
955467
247338
84024
321836
755709
7623
391726
282552
772061
377223
460790
314980
32078
842983
25123
314980
740855
943465
929574
772061
204984
984695
681122
527773
477339
388540
157185
853327
772061
643899
377223
164145
755441
220903
603061
111249
897405
315664
349005
755441
821169
315664
776419
205757
901140
529546
32078
460909
901140
157185
589160
292663
853327
897405
391726
220903
901140
321836
314980
164145
314980
897405
529546
477339
7623
474598
220903
756355
349005
477339
443135
821169
901140
448617
204984
776419
611483
128809
111249
448617
435961
477339
157185
7623
128809
955467
297085
853327
247338
7623
38205
19824
679694
377223
437908
220903
19824
391726
853327
192489
776419
755709
527773
740855
448617
643899
155275
204984
315905
611483
205757
643899
111249
321836
435961
866840
297085
7623
111249
603061
897405
955467
25123
220903
755441
755709
247338
955467
311881
155275
220903
460909
155275
38018
32078
955467
157185
681122
603061
772061
611483
349005
756355
25123
755709
475948
321836
297085
38205
821169
315905
755709
25123
25123
220903
821169
25123
204984
251536
149599
435961
866840
755441
297085
7623
772061
866840
943465
772061
679694
460909
292663
251536
164145
315664
188509
772061
149599
448617
128809
589160
776419
128809
984695
611483
435961
435961
349005
740855
443135
282552
901140
259283
251536
157185
679694
128809
897405
377223
297085
321836
38018
529546
955467
111249
448617
984695
377223
38018
474598
435961
377223
901140
297019
7623
38205
437908
157185
220903
297019
643899
475948
377223
292663
204984
38018
897405
776419
475948
603061
901140
377223
929574
529546
943465
603061
437908
527773
155275
321836
866840
84024
314980
821169
984695
603061
297085
315664
853327
251536
391726
475948
247338
7623
448617
38205
934087
611483
25123
437908
756355
128809
755709
984695
929574
19824
772061
111249
92249
929574
157185
388540
297019
755709
460790
611483
679694
435961
474598
589160
259283
853327
611483
611483
38205
164145
188509
740855
755441
475948
437908
84024
643899
437908
603061
388540
7623
755709
25123
603061
929574
204984
681122
297085
740855
866840
755441
679694
32078
437908
740855
19824
315905
282552
776419
474598
321836
149599
377223
25123
297019
755709
349005
314980
188509
897405
681122
681122
251536
251536
529546
164145
897405
603061
155275
157185
679694
897405
220903
448617
755709
853327
149599
756355
84024
388540
92249
251536
527773
205757
866840
477339
204984
437908
901140
437908