2000 2000000
884159
714997
884159
884159
714997
884159
884159
714997
714997
639244
639244
639244
884159
714997
993807
884159
458271
993807
714997
639244
639244
714997
458271
884159
639244
714997
458271
714997
639244
993807
639244
884159
183454
183454
884159
436909
436909
458271
993807
639244
639244
436909
639244
714997
597073
549642
244554
183454
597073
458271
458271
458271
436909
244554
244554
436909
639244
639244
639244
639244
714997
993807
597073
183454
436909
639244
639244
884159
714997
714997
92843
993807
597073
714997
436909
458271
458271
597073
458271
458271
993807
183454
714997
884159
993807
993807
948264
948264
948264
244554
183454
92843
884159
639244
458271
436909
948264
993807
96154
190135
993807
436909
96154
96154
183454
183454
597073
573331
458271
573331
597073
597073
190135
639244
41937
549642
92843
92843
41937
458271
549642
458271
993807
714997
190135
92843
714997
96154
573331
709147
639244
183454
639244
183454
244554
948264
549642
349103
244554
244554
183454
948264
948264
458271
540538
183454
597073
244554
714997
993807
96154
92843
993807
98194
549642
714997
573331
709147
98194
709147
98194
41937
349103
96154
993807
884159
540538
436909
183454
944163
948264
183454
639244
183454
944163
98194
183454
183454
597073
183454
436909
96154
92843
549642
993807
41937
993807
36320
573331
540538
436909
96154
349103
98194
709147
884159
993807
349103
573331
978806
714997
540538
92843
714997
458271
597073
978806
349103
458271
573331
183454
183454
709147
549642
540538
349103
36320
540538
944163
884159
458271
993807
92843
540538
540538
92843
870895
639244
244554
458271
540538
436909
96154
92843
639244
436909
349103
639244
540538
41937
190135
639244
870895
714997
436909
349103
993807
183454
36320
870895
944163
36320
884159
639244
98194
540538
993807
349103
978806
190135
36320
540538
36320
549642
183454
870895
709147
978806
639244
948264
190135
41937
573331
948264
540538
944163
183454
978806
714997
993807
978806
36320
677397
709147
41937
98194
36320
639244
709147
98194
870895
436909
597073
92843
944163
390510
540538
948264
349103
190135
639244
714997
183454
190135
944163
845675
948264
41937
41937
639244
96154
677397
390510
349103
845675
540538
349103
884159
714997
92843
677397
458271
458271
458271
183454
92843
436909
98194
458271
183454
639244
190135
244554
944163
349103
96154
597073
884159
948264
436909
41937
870895
993807
677397
190135
714997
573331
573331
190135
41937
244554
244554
993807
190135
390510
944163
549642
458271
948264
96154
244554
190135
244554
993807
540538
981667
884159
244554
549642
884159
714997
944163
458271
244554
944163
92843
845675
639244
190135
709147
981667
709147
714997
390510
981667
993807
714997
714997
549642
993807
540538
978806
677397
709147
948264
349103
573331
948264
845675
978806
948264
944163
183454
41937
884159
540538
349103
98194
96154
714997
436909
639244
244554
884159
981667
884159
993807
36320
978806
96154
709147
948264
183454
948264
98194
549642
862031
349103
349103
436909
436909
993807
190135
478993
41937
243002
92843
714997
993807
436909
639244
978806
390510
540538
948264
458271
244554
573331
993807
978806
549642
92843
540538
870895
540538
639244
390510
244554
243002
190135
573331
714997
573331
43717
597073
390510
981667
478993
884159
98194
677397
993807
390510
639244
639244
243002
41937
98194
458271
573331
549642
43717
411597
390510
190135
639244
411597
244554
597073
549642
36320
714997
478993
845675
98194
349103
978806
709147
411597
98194
714997
190135
96154
92843
92843
845675
639244
183454
411597
36320
677397
183454
411597
183454
243002
98194
41937
862031
862031
978806
639244
870895
677397
411597
709147
349103
870895
96154
581134
544736
36320
944163
436909
981667
458271
96154
544736
540538
581134
993807
573331
948264
549642
411597
411597
549642
993807
597073
639244
870895
677397
243002
714997
544736
349103
98194
677397
573331
478993
862031
573331
243002
862031
884159
978806
411597
190135
884159
573331
92843
993807
549642
639244
96154
36320
544736
884159
677397
36320
540538
948264
845675
190135
478993
677397
92843
862031
190135
183454
36320
36320
98194
41937
190135
944163
349103
390510
581134
540538
98194
597073
36320
862031
244554
190135
478993
677397
478993
349103
390510
96154
549642
41937
183454
349103
944163
41937
244554
190135
944163
92843
544736
458271
845675
981667
458271
597073
709147
714997
183454
920056
436909
43717
800216
862031
639244
549642
390510
43717
677397
92843
920056
597073
870895
165246
862031
884159
845675
349103
183454
978806
944163
845675
639244
349103
978806
92843
190135
978806
549642
13740
92843
544736
709147
549642
800216
978806
458271
544736
458271
41937
183454
597073
540538
948264
884159
13740
243002
884159
862031
581134
244554
390510
944163
243002
544736
411597
244554
243002
190135
845675
639244
41937
96154
98194
677397
549642
581134
862031
639244
165246
920056
597073
800216
183454
98194
165246
920056
714997
165246
870895
920056
13740
884159
41937
36320
544736
884159
243002
709147
190135
549642
98194
944163
36320
243002
458271
478993
870895
677397
677397
96154
948264
43717
549642
549642
639244
183454
993807
458271
544736
540538
43717
390510
540538
13740
13740
458271
13740
944163
36320
993807
862031
411597
677397
714997
978806
944163
43717
165246
165246
597073
244554
884159
13740
244554
244554
581134
597073
458271
165246
581134
870895
862031
540538
714997
845675
709147
13740
349103
862031
98194
944163
349103
993807
800216
92843
390510
349103
581134
573331
573331
884159
41937
573331
810544
573331
43717
190135
183454
597073
884159
870895
478993
96154
165246
800216
920056
349103
993807
544736
639244
190135
800216
714997
436909
597073
544736
870895
810544
549642
540538
190135
944163
639244
573331
845675
540538
458271
810544
870895
190135
810544
597073
714997
190135
458271
165246
597073
870895
884159
884159
862031
41937
165246
478993
870895
183454
390510
436909
993807
581134
677397
540538
41937
862031
411597
884159
436909
13740
810544
43717
92843
5050
43717
639244
944163
96154
478993
549642
244554
862031
639244
714997
920056
36320
13740
5050
390510
243002
714997
978806
478993
244554
573331
978806
183454
165246
709147
98194
165246
581134
458271
411597
478993
920056
544736
183454
183454
98194
190135
96154
183454
573331
190135
504851
458271
5050
981667
549642
549642
870895
504851
978806
920056
478993
183454
411597
862031
845675
884159
458271
41937
244554
581134
390510
458271
504851
98194
36320
862031
978806
13740
639244
436909
43717
183454
639244
944163
677397
993807
36320
458271
714997
884159
43717
978806
5050
36320
549642
870895
190135
458271
43717
870895
13740
190135
98194
800216
677397
504851
36320
993807
862031
41937
639244
549642
96154
458271
862031
862031
597073
436909
390510
714997
504851
190135
870895
13740
845675
870895
948264
5050
944163
96072
573331
478993
573331
714997
43717
190135
96154
13740
845675
98194
573331
709147
810544
993807
36320
13740
183454
13740
544736
884159
581134
436909
5050
597073
993807
810544
845675
549642
165246
96154
709147
981667
504851
597073
458271
478993
5050
800216
699719
581134
714997
190135
845675
5050
597073
165246
709147
458271
597073
190135
810544
981667
993807
98194
597073
920056
677397
544736
540538
800216
981667
243002
190135
411597
544736
862031
540538
581134
13740
98194
862031
810544
411597
244554
504851
639244
549642
944163
436909
41937
581134
884159
458271
699719
845675
96154
581134
183454
714997
190135
458271
920056
699719
349103
243002
581134
597073
92843
862031
884159
478993
948264
714997
870895
944163
458271
390510
920056
677397
13740
436909
190135
13740
92843
540538
981667
478993
597073
411597
165246
944163
800216
862031
845675
41937
944163
573331
978806
243002
96072
478993
573331
41937
243002
242700
190135
944163
902431
862031
978806
41937
714997
544736
13740
884159
92843
390510
5050
165246
639244
714997
92843
96072
639244
5050
597073
41937
96072
244554
5050
709147
98194
981667
549642
98194
567547
597073
36320
411597
884159
884159
165246
944163
884159
544736
349103
183454
800216
540538
800216
458271
639244
183454
96072
714997
243002
567547
36320
920056
478993
349103
978806
573331
800216
436909
944163
709147
478993
96072
709147
478993
96072
36320
540538
92843
597073
993807
41937
699719
36320
98194
884159
810544
5050
92843
549642
870895
677397
478993
92843
183454
573331
884159
800216
639244
436909
549642
544736
920056
540538
540538
581134
862031
810544
98194
13740
573331
13740
36320
845675
981667
244554
96072
540538
349103
458271
845675
5050
862031
870895
540538
714997
165246
98194
183454
597073
504851
243002
92843
902431
884159
862031
567547
902431
944163
349103
920056
639244
870895
390510
862031
639244
639244
978806
800216
98194
96072
243002
96154
978806
183454
567547
5050
92843
349103
902431
581134
948264
981667
699719
549642
242700
677397
436909
504851
96154
810544
242700
573331
243002
36320
699719
411597
810544
581134
944163
948264
862031
639244
810544
540538
870895
165246
92843
714997
870895
677397
544736
544736
993807
243002
92843
41937
436909
411597
549642
544736
810544
183454
884159
165246
96072
948264
36320
544736
190135
244554
902431
504851
981667
458271
981667
639244
504851
436909
98194
709147
243002
183454
540538
714997
920056
242700
349103
244554
242700
504851
699719
993807
567547
96154
5050
504851
810544
478993
981667
458271
13740
5050
190135
349103
242700
244554
920056
183454
41937
436909
13740
190135
862031
677397
243002
41937
165246
859401
5050
36320
96072
573331
244554
920056
504851
96072
458271
944163
709147
709147
43717
165246
944163
98194
98194
800216
978806
920056
41937
242700
41937
98194
870895
5050
862031
349103
458271
870895
981667
714997
884159
845675
41937
244554
96154
597073
549642
36320
411597
677397
13740
944163
190135
573331
810544
165246
714997
349103
870895
36320
349103
699719
5050
5050
920056
677397
244554
242700
993807
800216
714997
993807
190135
709147
540538
43717
478993
845675
993807
349103
436909
567547
165246
677397
948264
411597
190135
349103
714997
504851
13740
540538
800216
544736
92843
981667
92843
98194
981667
190135
948264
478993
978806
243002
714997
5050
96154
243002
978806
944163
847974
242700
677397
458271
948264
244554
411597
948264
639244
36320
978806
458271
504851
165246
920056
190135
436909
36320
639244
677397
800216
390510
92843
349103
390510
43717
504851
92843
920056
884159
92843
92843
242700
544736
709147
549642
902431
847974
98194
77871
993807
948264
190135
96072
183454
36320
244554
944163
77871
243002
859401
944163
993807
847974
43717
104311
390510
978806
504851
478993
243002
540538
36320
549642
104311
190135
862031
699719
944163
242700
800216
96154
77871
948264
92843
77871
183454
920056
242700
540538
847974
902431
104311
845675
5050
993807
349103
504851
714997
544736
540538
411597
862031
5050
709147
845675
478993
902431
902431
390510
165246
436909
13740
92843
349103
677397
920056
978806
597073
981667
349103
993807
77871
41937
478993
165246
567547
978806
993807
859401
458271
36320
981667
244554
165246
242700
948264
96072
190135
183454
709147
104311
948264
243002
549642
862031
639244
699719
845675
244554
859401
699719
5050
944163
436909
902431
183454
884159
41937
549642
677397
859401
436909
599076
242700
845675
349103
859401
36320
845675
944163
411597
944163
504851
96154
920056
599076
504851
243002
859401
639244
944163
504851
458271
96072
800216
190135
948264
978806
567547
639244
349103
699719
244554
981667
544736
800216
870895
862031
458271
862031
981667
709147
847974
41937
597073
244554
902431
981667
540538
810544
478993
349103
436909
96154
597073
96072
183454
104311
699719
599076
43717
549642
504851
5050
573331
714997
870895
165246
244554
597073
242700
800216
870895
540538
43717
244554
981667
870895
165246
902431
92843
902431
96072
847974
183454
862031
13740
92843
390510
862031
5050
993807
800216
597073
978806
478993
549642
390510
190135
349103
948264
800216
581134
190135
714997
948264
978806
862031
190135
436909
884159
639244
209901
43717
92843
810544
862031
458271
699719
884159
920056
242700
36320
96154
92843
944163
948264
845675
978806
458271
544736
349103
96072
810544
714997
862031
246832
581134
639244
242700
573331
599076
165246
993807
190135
920056
92843
36320
41937
599076
96072
104311
244554
549642
5050
41937
978806
884159
597073
581134
390510
862031
390510
884159
41937
714997
581134
540538
36320
870895
77871
920056
98194
98194
390510
581134
317042
165246
581134
597073
98194
209901
96072
92843
242700
944163
165246
478993
209901
884159
978806
317042
920056
92843
242700
13740
573331
920056
96154
549642
246832
978806
549642
978806
165246
504851
981667
735399
436909
544736
981667
847974
13740
36320
104311
735399
243002
411597
920056
859401
573331
902431
246832
567547
810544
242700
902431
884159
36320
920056
639244
981667
436909
639244
993807
436909
948264
98194
411597
544736
190135
540538
390510
599076
810544
544736
549642
96154
845675
639244
98194
282242
920056
810544
735399
993807
800216
920056
573331
859401
411597
735399
478993
244554
183454
5050
478993
242700
92843
5050
243002
847974
96072
349103
847974
677397
978806
246832
282242
436909
96154
104311
735399
810544
677397
209901
96072
209901
478993
847974
96072
246832
165246
183454
458271
96072
902431
390510
478993
859401
549642
599076
478993
96072
948264
948264
549642
581134
436909
436909
810544
92843
77871
862031
77871
597073
573331
845675
599076
920056
549642
920056
243002
13740
411597
845675
978806
948264
209901
699719
104311
209901
165246
36320
800216
5050
581134
165246
41937
810544
920056
567547
96072
540538
349103
581134
390510
43717
599076
98194
244554
209901
567547
43717
411597
190135
104311
567547
677397
800216
411597
244554
243002
993807
243002
884159
699719
183454
165246
884159
165246
597073
13740
36320
390510
735399
567547